0
24
102
103
148
205,54,206
205
130
236
205,54,213
234
380
138
139
621,54,622
636
681
698,54,674,699,57,700,614
66
825
839
890
924
932
952,55,953,58
993
454
1044
1046
1101
397
24,992
935,54,70
27
53,54,1289
1111,27
872
859
1447,54,1448
833
1273
486
1551
1571
179
1629
637
1694
1784
1884
1914
1982
1994
836
621
138,54,521
702
2172
2218
2311
2335
557
417
568
2463
2473,2474
2490
2501
2517
2547
2561
583
2351
2617
2640
2654
2713
635
2738
2706
2778
513
2737
2711
2712
2735
2853
2854
2894
1099
2912
715
2943
2945
2946
2949
1683
3054
3068
3096
3103
1297
3128
3186
397,54,635
2056
3225
2475
3260
2477
133,54,134,54,521
3328,54,21,54,3329,54,109,1110,473
27,75
3367
3385
3414,55,3415,54,3416,58
973
3476
2338
3514
3585
2287
3608
1995
1336
3651
3662
3789
3827
3835
126
3850,55,3851,58
3889
3895,55,1094,58
3899,2929
3936
3949
687
3965
695
60
4064
328
1056
4090
4094,55,4095,58
4112
398
1987
467
628
1069
2187
4277
4339
125,54,674,113,54,56,57,614
4347
4348
4349
4354
4355
4356
4391
1094
4414
4472
4486
4144,54,4500
1927
2270
4632
134,54,4642
4693
4694
4748
4865
3708
397,54,521
4985
3227
4934
5059
5127
104
24,5138
3682
65
75
447
5175
5184
4860
393
5195
5196
5248
5249
2486
5262
5310
5315
5316
5322
140
5332
151
1476
5381
5448
5469
1637
5476
1890
2285
2528,54,674,2536,614
3903
3907
5660
1020
5720
5733
444
5743
5753
2686,5761
5725
5803
5832
5840
766,1132
5907
5913
5922
4095,54,4105
5933
5946
444,3449,55,696,58
1996
5995
135
1612
6091
6094
6157
959
896
4241
6210
6215
6257
6282
884
6303
6378
19
6391
6427
3298
6461
471,833,54,134
83
6554,55,1094,58
6555
5070
6583
6584
6172
6704
2693
6562
6786
2928
6811
6823
1059
622,54,309
501
6879,54,4827
3684
6909,54,674,6910,614
2334
6960
4768
46
7017
7023
7025
7037
940
7095
1975
4167
7144
7164
6907
782
7195
7215
1104
7231
7232
2591
3706
1738
842
7405
7437
1893
5570
7496,383,7497
7510
7522
7552
3351
2059,4896
29
7639
7610
7654
7675
1493
3064,7687
1668
7145
7703
2882
1096
7724,3034
7767
7796
2469
2820
3481
7904
1641
1298
1238
7943
748,1233,55,7964,58
7967
7982
8001
8055
6372
8067
8081
8097
2606
2053
8140
8146
8152
4421
8177
2741
8217
5904
27,83
6825,55,1094,58
8324
8352
7114
5259
8321
8372
8448
8459
8461
3383
831
8499
6487
6882
8546
1016
8568
834
2686
3201
8665
4580
8686
8692
8795
8893,55,8894,58
1779,54,543
2031
9033
9034
6168
9069
1351
9105
9125
9156
9157
9160
397,54,70
3271
6061
1295,54,521
2292
9228
9229
9242
9248
3062
9251
9278,54,674,9279,614
9284
9320
599
1331
8219
9342,55,9357,58
8489
9466
9474
1295,54,70
9523
9524
9546
9619
9661,9662,55,9663,58
9689
9696
6024
9778
9672
321,55,599,58
9841
9843
9863
9876
9892
560
3951
3955
8721
1930
10186
10204
3384
10243
1559
10253
4077
1252
2955
7973
9976
1450
8273
1295,54,398
10369
92
10405
1083
3692
10453
638
4475,55,2567,58
1404
2661
8351
10644
10672
62
10703
10714
5969
7608
10736
10741
10766
10771
10773
10776
491
6935
10865
9357
10871
5341
3297
11025
11037
11054
11061
11057
1919
11072
5242
6895
2966
4423
7737
11130
4304
10108
11184
11216
11245
4465
3632
11251
8268
3018
2162
4095,54,4106
11347
11366
11364
1000
2409
9915
7609
11508
4051
11162
11689
11705
5635
27,872
3108
8449
11829
11832
2137
11847
27,3028
3396
1671
549
11923
11978
12013
12028
4105,54,651
12130,5594
7138
12140
12143
7047
2665
12317
5694
12331
12364
6129
12393
12404
12408
4325
9226
3996
12552,54,674,12553,614
9162
12624
12660
12662
10354
3918
12841,55,12842,58
565
7989
12910
2433
653
13102
10914
13170
13265
432
4272,126
3534
13316
13317
13342
13416
13229
1156
13483
13485
5645
12831
1860,1039,13555,55,2974,58
696
13567
3214
3597
2081
208
10676
13682
13719
1669
3114
1652
13749
2781
63
11161
4378
2552
13915
7601
11734
11735
13979
9231
2969
4703
5280,55,14007,58
14088
3768
13621
14202
14211
684
550
14292
5055
14309
14332
14339
14370
14380
14386
14388
14399
14410
14413
14446,55,14447,58
14449,54,674,14450,614
13507
4567
2410
3679
14567
14598
14611
14632
14639
320
11474
4120
5630,54,8251
5232
14737
14747
14760
14818
14851
596
3419
14905
9796
830
6266
9494
1915
15038
15046
15061
1497
2315
1071
15252,583
15257,1101
15283
12832
9229,9240
495,55,10615,54,15350,58
15353
15355
5861,55,4241,58
9149,54,346
12758
15410
1784,126
15419
15420
15422
9951
9896
10869
15448
15450
5655
15472
2686,5055
11073
5051
15538
7983
15671
4246
15743
15768
8369
5817
9748
12477
1276
3212
15879
10166
16054
16062
11823
16098
13762
2378
8339
16190
16191
16192
7165
2288
16237
294
16280
1299
16324
16339
16344
7759
16348
5724
3652
16395
16425
535
16442
5357
980
16513
193
16561
16566
6374
11507
2193
14029
16640
16646
16677
16722,55,16723,58
16791
5671
16832
16898
5612
357
15
13620
17022
6894
1583
5023
17045
821,17079
17091
17102
17127
2220
2099
10737
17245
8189
17254
17267
10583
17322
7101
840
580
4789
1776
17394
10929
1021
1255
2115
2759
9939
17513
13984
9452
17639
17654
8367
3217
764
17538
17769
17773
14989
6945
14172
14252
17808
17814
15244
6173
17830
17836
9407
3497
16680
683
17914,55,17915,58
17953
18005
3402
969
18064
7397
18078
8007
4095,54,4109
4116
1739
6479
3968
18291
3974
2059
8841
4095,54,18400
18406
2125
18420
8091
6020,518
4946
903
1291,54,674,53,614
471,55,1042,54,1043,58
8420
8049
18602
4071
11415
18625,55,18626,58
11864
18675
18732
18733,54,674,8337,614
838
13269
4181
12409
18846
13660
18856
15357
4251
18886
18889
9845
18893
3813,54,674,18895,614
3673
2066,18963,55,18964,58
19053
377,8000
13233
1510
1050
14835
19249
3537
1418
19320
13330
19400
4686
19485
9192
19494
15415
17965
4099
9556
19578
12307
6373
1371
12089
1665
19771
19779
19791
16548
4095,54,19843
12768
19869
19945
2686,2654
10043
2137,3585
20007
2857
11437
20031
7019
1433
20130
2217
20211
20260
20365
20381,55,10221,58
9040
20417
20429
20451
18519
313
561
3471
20634
17428
20651
20709
20725
20745
20748
20780
20787,57,14080
10836
20840
3881
5197
5239
20878
20885
20895
20915
20934
20976
11051
20985
7310
1400
21028
2686,9734
21098
21181
6469
442
21250
21274
21275
21300
2549
3328,18950
21336
21349
8541
9662
21428
8301
8498
15515
21373
21505
5818
21516
21517
3531
9234
17067
21812
10521
15260
21867
12322
17281
19353
21946
21953
21962
21978
21981
15730
3167,6,635,55,2946,58
22185
9633,55,1046,58
7381
18574
22383
10281,1101
7167
15516
22433
22489
12963
22564
1434
22637
629
5074
22691
12714
1270
9637
22865
3928
15126
3404
1263
4372
1622
14201
23193
16771
8108
1504
23393
1388
1628,806
12225
4351
23528
23545
4555
23603
22991
9483
12329
23670
19081
5507,10914,23684,55,23685,54,10907,58
6057
377,23723
22127,166,6083,55,1046,58
8137,54,346
23845
10353
23938
23942
10955
23984,23684,55,23985,58
10844
2789
4574
12127
17293
20452
19029
24307
2546,7472
4442
24328
24366
24376
24391
17047
20423
24578
24608
24609
24621
24418
24652
16262
24689
19197
10083
2297
24908
25034
13067
15900
25164
25214
25215
2414
2803
25337
23881
566
20631
23310
6066
14738
25467
25475
25504
25516
25519
25607
25624
3058
25647
25649
25675
5466,10914,19422,55,25738,54,25739,58
2183
24247
25924
18914
22162
26076
6543
6394
2967
377,26148
2077
10145
26233
2564
26278
26279,55,26280,58
26355
16514
26426
18963,18965
12973
22390,55,1094,58
2208
2180
21978,3585
20245
4105,54,343
26806,1564,26807,3620,55,26808,54,26809,58
9880
26891
13593
23574,54,674,3005,54,26963,614
26978
21448
27052
3136
12177
27140
27155
27160
27195
27198
27301
27404
9525,55,17510,58
20879
11241,27575
27593
27643
2898
27082
27786
27794
27797
27798
27855
9379
27380
5231
27893
18980
132
27962
16723,54,16729
802
2124
950
1261
9494,54,1641
28331
11600
17141
21524
25160
326
21650
1631
28467
5069
2358
302,55,9512,58
23035
28625
28652,55,28653,58
27,3974
702,7397
25577
28765
28918
28932,21245
28960
19272
14881
29159
29201
16526
5706
29395
29407,55,29408,58
5861,3015,3015
29461
29471
29507
29586
29650
2062
29688
29716
5594
29761
29789
30011,55,1094,58
30037
30043
30061
30100
30105
30212
10589
30226
16848
20935
17314
22053
11241,2712
30323
30338
30383
1858,30403,55,30404,54,30405,58,55,1094,58
22665
12330
2655
30541
377
30556
27,1564
832
30671
30683
26571
9227,684
30783
4555,25763
5744
11115
17330
2567,54,3974
30877
30879,875
30905
30934
16799
30998
713
1005
31110
31139
1264,6266
1949
31271
31272
24466
31331
31418
31437
31440
1978
11818
31527
31539
31557
31564
11116
18468
31633
31697
31718
9229,872
10056
31795
2925
22121
9240
31985
32000
32012
32025
32027
11652,55,32085,58
32151
5861,22274
32283
10744
32310
32317
32354
10437
32423
32433
16193
20902
1336,54,7964
5005
6979
32715
7343,54,674,19693,614
4095,54,15012,54,7822
8418
15644
3855,6895
5466
32882
32969
32978
21433
33012
11934
377,31419
10014
255,54,7552
6599
33368
33380
33432
33472
33492
33565
33623
33655
15513,54,33689
33729
831,6,10005
21052
33816
33841
33915
6439
2686,15497
8770
17396
8368
30677,55,13587,58
25985
34159
15512,54,33689
34192
34200
34278
34292
34352
4372,3585
21717
34444
9020
10731
1986
3969,8896
3682,6,193
24469
17617
12903
35176
35177
1405
35275,55,35276,58
35365
35390
6023
35499
3693
35522
35648
7394
35806
28247
9749
35845
21195
35953
16264
16424
36106
36110
35434
34451,54,674,34450,614
36205
36285
36362
36410
36443
36467
27082,14752,11073
36534
18979
11056
36610
29708
36663
5861,54,342,54,5861,3015,3015
1564,54,2567
36856
36881
13122
36928
36936
36937
29800
36966
2953
35766
37054
9229,1020
37183
1295
2323
5912
37397
37478
3686
924,5171
37559,55,5193,58
37564
3479
37617
31902
37812
20801
26428
748
2055,55,37997,58
2983,27813
38055
4754
377,9796
38184
19212,684
14490
38307
38750
38781
17317
2196
38902
8566
3632,21,5725
29500
39107
39179
39254
11068
27,0
7569
37552
9305
39841
39857
1564
39934
27,12840
39988
40041
33164
40132
40326
15432
40433
40449
40491
40546
40584
40678
1672
40775
1447,54,40782
40788
23276
40822
10760
9913
12664
40877
5163
25301
41040
6393
6282,54,70
1049
41140
41206,55,0,4238,58
14164
41448
41504
41619
6562,1668
10753,76,1020
41716,41717
41737
41754
26806,1010,18963,8924,55,41760,58
377,5671
41865
2514
12085
12754
41982
42015
42110
6242
30581
15724
42400
7973,42428
9171
12364,38084
40535
42515
38317,9304
3932
6743,3590
28870
2686,2661
22250
43029
43128
15727
36115
37550
43296
43347
43435
8268,54,43442,929
30062
4075
1845
43753
17679
9494,54,43939
9522
44197
44300
5720,54,29053
32600
44390
29898
26472
44515
14
44586
10313
17671
11241,151
44942
37167
13976
2787
34389,34
45085
39612
45130
45136
39219
834,6,11054
19804,41717
23339
6261
3792
42850
45710
6229
40695
37160
43828
46097
44852
46234
12664,54,674,18196,614
46341
46378
46402
46539
38703
46627
13915,10253
9494,54,1637
46724
1504,3585
4105,54,6362
46918
35957
47031
26543
16748
31588
47354
47425
2832
19584
8326
43413
12130,5594,9240
9231,9240
47917
14740
47951
47973
6070,54,31013
6855
36938
21894
48608
3222
48638
48949
48996
49026
49237
49328
3585,3590
49538
49684
21075
49829,55,49830,54,349,58
49920
49924
37753
50190
50350
969,76,20130
50399
9698
50679
50684
20420
50871
50974
16385
51145,16566
13520
51174
51191
51194
47376
51451
51673
51803
51805
22816
51836
51837
51878
51887
51897
30279
51968
17070
52092
8322
4773,54,6373
46644
52365
49938
52454
9229,14611
10887,55,10888,58
13797
52521
17855
52597
52715
52735
52763
9229,16098
52919
53059
1051,53091
43324
806
9385
36949
53624
53644
53682
53794
53802
15214
29813
20731
54077
54282
2335,863
54881
31309,11725,55,55023,54,17930,58,55,1094,58
55054
5720,54,25749
55319
684,11037
55408,55,45556,54,42908,54,55409,58
55759
55837
12085,56048
56195
56296
16842
40908
48008
54520
17414
57358
57676
27779
7389
57782
57862
3144
38080
58370,58371,55,58372,54,58373,58
25017
58622
58643,57,96
58788
59059
59282
15391
59391
59648
18096
17858,54,8416
16566,54,11182,57,54,9240
60471
28398
60678
12839
26718
51010
3905
61308
61577
61712
22191
2339,18963,18965
22819,1992,9483,34
10990
17079
22819
62710
63102
63131
9229,7167
32265
64242
64393
11571
64967
2891
46833
64664
65514
54394
66041
19451,13516
51450
67221
67222
67223
67249
1800,2123
67455
20107
51087
3585,34
68324
15952
68972
68976
1051,19451
46012
62288
69603
69783
9034,3974
70669
71104
2053,4882
9240,11781
71739
53466
71832
71842
50290
72075
72164
7226
23690
73689
28070
74810
75664
8338
7374
28913
37853
23712,5624
7405,1915,55,13928,383,10685,58
6398
377,48629,55,2099,58
76818
77033
77096
13979,4567
77586
78014
3595
78277
53828,5055
54206
54349
10059
9872
16493
80730
8841,6,3585
81154
81651,2158
44504
82419
471,3228,54,134
82997
83551
40595
16101,18847
31558
84787
84959
85066
85120
85234
85320
85326
85381
1619,85510,1621,3038
2215,208
8652,54,674,8647,614
1099,33,454,33,151,76,15
85906
86103
1619,52628,1621,6091,56283
86239
138,54,41088
9228,2686
86747,55,30727,58
86767
86826
87285
87341
17771
87692
87785
3385,76,17201
89003
89025
89091
89187,3034
89358
471,6305,49,54,134
89772
90197
2053,46191,7397
90298
27563
2053,90626
59559,1101
90945
91048
86764
1674,54,134,54,13047
1792,2594,6,3034
91515
91624
6407
91942,55,17230,54,28632,58
1014,51426
5854,54,510
92146,54,133,55,92178,135,58
2686,2077
92475
384,54,86,25029,19804
92881
92974
16840
93580
93630
69228
94351,55,94352,58
5196,76,71842
52840
7511
95032
95143
96146
92178
10925,27686,325,8841,55,96419,58
97200
97534
93397
8268,54,1564
99745
25088,40679
16849
100375
100378
10056,76,13719
4773,24046
12089,99432
101162
8770,26475
101242
101247
101248
101288
8771
101619
51305
102155
102164
57252
102935
69624
2928,16455
104637
58279
6562,76,3114
104936
138,54,315
76,10056,35434
32310,346,6,2193
549,13915,10253
106521
16101,4349
106778
107133
99582
107182
33528,54,6732
107467
107607
13979,7374
88378
108844
34134,7967
109592
8051,5242,1504
110000
110087
19327,9231
6914
112546
112663
113016
113616
91447,702
3950,3719
114349
109842
9229,23248
115168
115668
90,830,6,1099
116599
116817
116922
23884
11175,63081,77
16101,1005
118978
119464
120470
21233,55,95830,58
7973,12791,1497
4105,54,281
134,54,25,4429,1370,6,1497
122694
122726
51623
123185
27,54,3015
384,54,86,61577
566,69257,29994,3976,18694
29703,55,1012,6,58
126266
138,54,126271
113846,4572,113847,55,30456,54,3052,57,54,102344,58
25485,55,37526,58
128209
128746,41717
83141
133121
133122,57,700
133662,2835
