89
120
377
218
793
698
33
66
25
449
1419
870
84
75
792
29
271
1457
39
36
194
1255
119
77
411
609
456
147
254
493
1578
114
457
740
195
403
1
369
641
295
1234
890
364
130
174
1642
327
140
1055
72
334
205
126
88
269
323
116
492
1775
210
467
143
536
1631
348
215
437
267
1487
1932
943
56
592
129
240
1283
1414
604
319
692
691
619
59
552
570
155
219
1279
28
1308
158
1119
313
610
37
733
148
81
12
1826
202
729
796
366
367
70
1007
434
909
553
62
1980
501
773
425
972
1762
673
260
1963
1374
401
785
150
1879
108
26
399
35
626
388
124
464
461
255
394
1143
1368
672
304
374
751
710
774
460
83
352
85
660
409
797
46
648
900
1382
891
237
303
575
368
468
1589
526
268
1114
1748
384
1301
929
873
61
22
226
1870
1367
657
1268
853
0
458
38
274
687
376
196
225
373
54
605
1027
814
288
410
1972
866
791
227
272
1217
278
105
204
7
762
1614
1490
772
63
445
589
1857
30
864
145
379
20
1896
540
1558
836
531
690
181
198
241
661
1136
263
523
242
102
452
187
1163
322
118
838
310
1526
1683
233
228
1247
844
301
1557
1682
416
372
444
539
339
142
498
1430
712
1991
1339
1053
44
489
1236
162
326
112
761
649
52
216
1428
418
177
495
1061
453
43
51
405
711
151
94
1503
786
276
840
1810
579
544
97
249
1401
968
1988
1178
816
1225
179
440
1151
289
1755
699
829
801
519
963
1611
1835
818
1354
14
581
134
106
1274
1281
24
1353
569
515
997
480
885
335
685
266
342
1289
985
447
637
1808
709
305
584
257
1952
2
852
1471
574
397
128
192
250
188
11
1469
535
815
212
511
139
1185
239
346
1763
297
1046
1869
693
758
1271
999
1815
184
306
1538
1638
1958
1618
1735
1930
611
463
360
1088
1320
65
874
496
1695
280
623
125
485
726
583
332
1432
1550
603
1408
1465
1894
861
79
676
224
620
908
1725
533
1199
441
1738
940
1802
385
307
1979
247
995
1892
1940
1622
955
680
292
153
363
343
1248
211
48
945
585
1296
355
1200
1765
117
246
68
1187
1645
654
1139
1103
841
1544
667
922
1673
475
1760
1154
1974
1285
337
1379
842
651
1105
1565
311
256
546
1829
1903
1743
135
946
973
753
1168
1449
957
232
380
1744
697
173
959
1158
705
601
141
1453
1237
743
865
746
466
527
1850
1233
760
197
478
1135
1270
1448
1733
748
417
1140
338
1632
400
315
1607
1911
595
50
996
668
1349
1091
638
1531
788
471
1873
6
413
1203
855
1598
42
1662
765
252
1836
166
860
93
144
222
1087
5
344
780
16
309
245
1627
296
1142
1703
1749
208
564
1771
1481
1380
1865
1563
13
1986
1675
435
868
1169
1585
298
731
113
1275
1427
473
71
735
1079
199
1966
713
718
989
1799
1452
1124
354
183
234
556
180
587
1574
737
1928
1028
642
1429
353
286
415
1831
1636
701
532
1252
1630
964
602
659
775
1811
1814
863
341
8
547
504
970
1529
580
745
928
1399
1321
161
1774
1480
1664
639
766
1603
906
918
69
1681
1060
1699
1580
666
1016
658
176
1460
1444
1976
1037
1026
951
516
1521
1177
878
73
371
854
103
190
665
175
548
1791
606
949
1482
770
588
1543
1359
636
907
888
1009
1332
1713
1561
356
154
506
1751
1995
813
1377
1090
1855
1560
490
1078
1072
1479
1207
695
826
1946
534
448
1352
696
650
568
522
915
436
1706
121
1900
799
160
220
881
1975
101
822
90
518
750
1655
703
362
1817
1644
15
1292
185
1608
1752
499
917
1133
1175
1174
802
1594
1637
264
1192
1039
1049
1917
1854
393
1147
521
1761
314
1388
1539
163
979
1820
1407
214
1067
1355
1189
779
555
157
3
17
136
1494
1109
1345
488
382
455
1294
169
1209
1572
857
1970
459
1737
294
1191
1532
756
281
34
395
538
817
612
1310
349
127
1361
168
986
1451
719
1536
1122
1148
988
1262
1867
1674
1938
1599
1729
1157
1258
655
1246
872
1955
877
1853
1506
1742
573
1232
752
561
1340
191
1758
1913
1472
386
486
487
1723
1253
1583
742
1023
1491
1375
664
1012
470
1994
512
1002
1492
1509
862
1287
1466
1416
784
1113
1730
565
1024
424
165
754
1759
1040
131
1384
808
1029
99
1740
32
1041
392
871
1736
283
430
927
938
1788
1005
273
203
1796
484
78
1804
1656
767
64
1926
1895
510
1422
1317
1198
290
1893
107
850
1013
1412
1918
520
1010
248
576
1773
1784
1019
279
1077
1694
1593
1937
557
834
593
1868
1295
49
596
229
1215
74
270
1071
1809
678
689
1708
1600
958
528
965
1342
823
966
981
1127
686
993
1463
291
1504
1318
1164
1015
1084
613
994
832
1364
975
1843
1617
1716
1068
1297
1908
55
1838
598
1115
284
781
1406
921
1510
714
1172
1691
365
1623
1370
1931
1111
1971
1876
1267
1033
1210
899
186
1073
1450
847
1186
1519
1542
1069
389
1778
1227
542
824
439
707
312
1953
1864
1967
633
1715
1179
572
1679
845
1764
1690
1132
1772
1846
1973
1595
1584
827
1982
1278
1156
1386
1304
1329
10
1933
947
18
1126
615
1259
375
302
109
1011
1176
138
1522
897
962
1244
1300
1676
1874
41
1034
530
1395
1977
361
1837
1984
1754
82
880
1219
1152
1668
722
1601
1859
1978
1769
646
571
608
277
230
1658
671
1934
1291
1411
182
238
1099
1923
1983
1832
586
1082
426
172
497
566
1324
170
700
1093
1833
1575
95
1035
442
849
1338
1418
948
1439
137
67
1880
1159
287
550
244
1951
607
1145
1878
1031
893
1086
27
152
1343
1409
1533
428
1945
776
1660
1568
1634
1101
1965
1144
422
1410
450
1669
1118
1276
479
545
1906
1263
1961
1403
1512
1633
1431
1651
1006
1130
1564
645
578
1840
1576
1280
265
317
977
1567
1325
1639
91
1341
1477
1062
381
831
624
1559
1120
869
706
644
1959
783
509
1008
1052
1371
508
1358
858
21
345
9
734
1781
421
1871
944
1800
1044
1057
896
1793
347
739
759
86
715
1302
1517
236
446
627
1218
1969
1149
221
45
1520
474
1423
1467
625
1089
387
1326
451
1511
1095
1613
1153
1238
736
1195
1134
1648
525
1327
1396
1501
1269
903
1863
1581
950
1516
1475
201
825
1272
1530
1223
1417
1586
1131
810
1435
1211
1083
1316
189
1245
1402
491
879
404
721
670
1746
819
1717
336
1704
1677
883
839
1872
1162
275
1721
1284
1226
1643
513
1847
1059
984

