0.589946526637
0.209339266207
0.871528545304
1.32721252955
1.97145430164
1.11351238229
1.10060512723
0.644493040932
1.1912958853
1.6264497989
1.52678468738
0.881588849717
0.389008035225
1.14099758562
0.825841929037
1.28922259293
1.11634304611
1.32771412159
1.52811290372
1.78876352627
0.662604972863
1.6264497989
0.565266543221
1.93774493411
0.840462097158
0.110212434646
0.457617762944
1.58391864998
0.357789140047
0.132621048159
0.65178693249
1.87466999229
1.40525262628
0.0993645086186
1.34345375362
0.460980391828
0.140155252761
0.37465410751
0.591038285014
0.139244215842
1.87466999229
1.53478880108
1.10371711157
0.761241942822
0.736505569417
1.64241774924
0.521236137407
1.86769354894
0.977771101064
1.44098915738
1.08732019998
0.761241942822
0.748908882141
1.99723227147
0.605190622932
1.47672617305
0.312583999121
1.88371665713
1.97256123837
0.342077075572
1.69225990637
0.558615291163
0.414822477993
0.647581855506
1.41430417299
0.921114726303
0.105205628917
1.57539532092
0.984898112173
1.20933960956
0.410364626343
1.15184641512
0.255947221722
1.22708053292
1.4421722355
0.126800388571
1.68334047226
0.175428521202
1.41259813659
0.936835084299
1.8696815144
0.38874975834
1.54219998492
0.514141894647
0.119486142635
0.515424232119
1.63401468169
1.83549193603
0.263057399126
0.0530211981015
1.28544879829
1.61449060921
1.96374039437
1.11034499561
0.764388939539
1.56766245678
1.8519407304
0.78104303382
1.74956751275
1.40469074998
1.83549193603
1.28497862682
0.697880724299
1.22836768033
1.90310485674
0.637591935775
0.832890366553
1.42116972722
0.457379451389
1.53010956693
1.87567088391
1.81463407313
0.746046202192
1.14920888653
0.197300436119
1.71121849275
0.275431718173
0.984622075707
0.703188864316
0.169193390754
0.0710757377452
1.28122960093
1.91764823447
1.85389528526
0.46359614227
0.924751662575
0.259501519083
1.34757635816
0.875874237378
0.31937559692
0.227401874907
1.40077016176
1.84999029256
1.73573693953
0.831707283646
1.02483417915
1.32871844392
1.57468918227
1.53077628133
0.888500648994
0.252343884885
1.05658092214
0.726003630114
0.283134394364
1.11175049561
0.655924489567
1.79976002335
0.183309760792
0.37783733772
1.94849227151
0.443409259892
0.76339234379
1.58463309231
0.968338358909
1.24977999493
0.346873179909
1.91660205431
1.32671131636
0.360839314515
1.74176081586
1.28169703237
1.20148138364
0.74320532391
1.31381135592
1.79976002335
1.39853963603
1.10964357742
1.77341320827
1.34809346344
1.33579146986
1.56417255817
1.90827352827
1.56208606743
1.04775769941
0.232211749979
1.23181331197
1.21899082781
0.755187352993
1.72127955199
0.790178040063
1.16560436832
0.678866003115
1.55931272333
1.16328859805
0.903350878406
1.2915924874
1.49240933121
0.700664452757
0.881367678405
1.66105511377
1.23008808325
1.36964193595
0.876529831867
1.87767587683
0.146698328281
0.205940064805
0.598183477971
1.06847067096
0.683488631541
1.15373778855
1.98482009352
1.65479583873
0.395712048448
1.41146306376
0.641316459679
0.258717988463
1.9859420947
1.78422121157
1.12672596733
1.78331551553
0.279352064669
0.975598879789
0.886706604271
1.75131184726
1.3192382898
0.292687791895
0.750508772938
1.77162459183
0.0831766357902
0.354646836879
1.28310137536
1.64088349632
1.11245458079
1.84901661346
0.939842580557
0.602182304786
0.571705706448
0.631177069012
0.711304224766
1.44158045371
1.55105146387
1.7565657828
1.04031139062
0.709723548711
1.16560436832
1.8736701683
1.63706037541
0.530604374886
1.56069816333
0.890979347228
0.325019110567
0.686158509008
0.696359081491
1.79976002335
1.57751754183
1.11990167871
0.984898112173
0.954914804599
1.42520550332
0.782260424431
0.879162053584
1.82785201122
1.10859311017
1.89899003543
0.184426036305
0.476550673646
1.01741429659
0.870664576486
1.82216367509
1.92289631393
0.438374290756
1.9859420947
1.77700129772
0.695256593335
1.30212437573
1.61226781351
0.850843198383
0.299040821086
0.541815479044
0.270907739459
1.44276450336
0.132881895973
0.63276865384
1.41089621112
0.593133811602
1.67451456893
0.767562063824
1.55105146387
0.636436877921
1.42926426594
0.92280839667
1.34294020096
1.86868700296
1.40806876381
1.4779686856
1.91764823447
1.17614046393
1.57680949984
0.621573171642
0.798620496959
1.4188738149
1.4595478046
0.967538299675
1.77970190759
1.33884587108
0.216592574937
1.12240625116
0.895750016859
1.14733232075
1.69880636635
1.77700129772
0.715359716172
1.52944343303
0.535293549615
0.489703312813
0.864664426808
0.907082769461
0.952326258097
1.76894842175
1.11954479481
0.706441095138
1.01564948428
1.50648866452
0.369531036723
1.31184897899
1.08229561495
1.92500359756
1.61300806503
1.8736701683
0.332242440526
1.72212331647
1.72805290979
0.702064661495
0.272314670592
1.72043661391
1.99723227147
0.744307535195
0.247490776004
1.94417906228
1.8696815144
1.93881432977
1.85683486552
0.928908399292
1.82500341069
0.256732794896
0.85063718308
1.6681536399
1.00749399659
1.07731725425
0.725853629364
1.6938917867
1.18968220988
0.857488788411
0.971283264065
1.11457219737
1.6264497989
0.892790741073
1.63325502819
0.28751383633
1.34757635816
1.72720332626
1.91138822935
0.514518389883
1.17299885335
1.16290353066
0.981870197351
1.24977999493
1.89387146391
1.9539107706
1.73831349114
0.919186699665
1.54017166403
1.28686137939
0.969139742378
0.22034191956
1.48295971536
0.40902684435
0.409408176917
0.537669355084
0.211583447693
1.94202961058
1.22708053292
0.723760108389
0.603630853285
0.491622105531
1.52944343303
0.594639736987
0.0772422401111
1.75305966347
0.657274380939
1.04061953973
1.61597588116
1.33376293308
1.85978378272
0.554559047533
0.952326258097
1.37715859103
1.64395487395
0.462619379263
1.50198014779
1.79607953251
1.86868700296
1.40694095543
1.30745499283
0.480526817962
1.34499677095
1.72381332954
0.874348324072
1.89183175313
0.459533232979
1.08162917676
0.44190334165
1.76983957964
0.208420240003
1.66657095143
0.763060722442
1.92605897234
1.8288035219
1.77341320827
0.516181540717
0.621793197544
0.177278678185
1.88878041159
1.10095003639
1.91138822935
1.17653434888
0.722123651824
1.07369546642
0.755025051821
1.79516176065
1.72043661391
1.62720313369
1.59253470791
1.72381332954
1.39798311409
0.419728980421
1.56208606743
1.77790058987
1.58534817944
1.90620269428
1.40863334631
1.95826731635
1.71205241989
1.72127955199
0.411133009493
1.14434252968
1.27611026725
0.294577525249
1.92605897234
1.50584293428
0.794287037332
0.946425529666
1.56976388099
2.12017595986
0.723760108389
0.647820683408
1.63706037541
0.859797250642
1.26553730754
0.112510218236
1.59253470791
1.64472451574
0.698713517526
0.759431812823
1.76185133681
1.33477643075
0.181042595495
0.198965371554
0.590640814748
1.33833583456
0.508928229193
0.475582992571
1.90001707169
0.918465768921
0.466551336802
1.92605897234
1.06297475526
0.280758536345
0.539320166736
1.86868700296
1.38968811935
1.09785361441
1.84804395874
1.15146888434
1.64318595212
1.00432577648
1.92711550496
1.979229051
1.06944644326
1.59687798438
0.848787525035
1.87267141021
1.72212331647
1.8071664432
1.41259813659
0.92645874634
1.37823913916
1.37986314443
1.33123590971
0.736505569417
1.25963842443
1.66341456706
0.277476626277
0.18696815144
1.85781679829
0.756488278665
0.922323855637
1.56278094558
0.726303817681
1.29492501501
1.84029940575
0.417782324429
1.70209862675
1.82690149016
1.19210436572
1.79516176065
1.25022475649
1.97588951942
1.62419397394
1.6226935638
1.4154438218
0.88693046355
1.39078842664
1.67611238818
1.83166400708
0.843488971458
1.2253685266
1.88169874963
1.28591931396
0.806504032627
1.42289654342
1.30842888854
1.27195205132
0.695394213405
1.95499808878
1.64935754255
0.541064464211
1.06426281918
1.4511076273
1.74348961072
1.5361309863
0.670829017781
1.18366966502
0.943882742107
1.26508158651
0.884029080554
0.286108931193
1.80253030558
1.34551189802
0.724357023943
0.662980103061
1.72212331647
1.50584293428
1.87466999229
0.777413491065
1.5976041681
1.01800393107
1.19169998839
1.23354338685
1.69798529029
1.57680949984
1.89183175313
0.344255910448
0.412436201705
1.72381332954
1.32321339575
1.16560436832
1.43276164996
1.84901661346
1.90413634989
1.86175493671
1.36697726292
1.74608924731
1.74089770347
1.12744915472
1.39742703489
1.56347644221
1.7331680146
1.26919492982
0.843488971458
0.344661195538
1.54968309028
1.51362842123
1.36432293814
0.873913324906
0.536274090386
1.42636279565
1.92605897234
1.61005112999
0.776897736869
1.19534929083
0.827592830653
1.93560967798
0.928417432907
0.865090264989
0.981047630863
1.56139180696
1.16599122672
1.23832624806
0.648657970111
1.83741190668
1.69225990637
0.317012413474
1.4339312513
1.87968516081
1.0859757546
1.44098915738
1.70209862675
1.47672617305
1.86570980646
1.74782664955
1.05404487432
1.18726987691
0.931124189272
0.330896822654
0.611937217579
1.23484413559
1.57893553512
1.55036697514
0.177592334728
0.372825168855
0.917506285224
1.3465433368
1.46686077899
1.90207448054
1.52811290372
1.84804395874
1.97256123837
1.71707310147
0.336861785993
0.940597474196
1.70209862675
1.76362026385
0.924751662575
1.6167195424
1.64318595212
0.461343606845
1.63858748397
1.80623730878
1.95065606082
1.99044281333
1.99270083127
1.89693929026
1.51037470579
1.83549193603
1.86373027351
1.23963710859
0.862329790408
1.09307142692
1.20477762886
1.69063116728
0.212904161292
1.17104385537
1.72890332953
1.62044813913
1.60931358939
1.54968309028
1.87968516081
0.522554152331
0.747793011094
1.26873657123
1.01213816368
1.80160593107
1.72635457769
0.988222662763
1.35694537108
1.92289631393
0.576679508556
1.21772324636
1.18767125279
0.516181540717
0.686426644416
1.97034860658
1.81089255958
1.38804091889
1.23138155126
1.21477578346
0.995503419133
1.08833072061
1.74782664955
1.66736192009
1.55379547353
0.489430421583
0.435116617057
1.77073163588
1.81089255958
0.93959121854
1.93029206898
1.4475202166
1.74003544606
0.96700566092
1.85096499766
1.85389528526
1.93881432977
1.80530912928
0.850843198383
1.4589416801
0.593835626457
1.69470890768
1.4481168861
0.674305482941
0.336184838863
0.333789222434
0.896664514069
1.90620269428
1.26326197977
1.26827854359
1.04744530892
0.0917937804261
0.801718750826
1.56417255817
1.18327098881
1.74869664788
1.28686137939
1.72720332626
1.05309699224
1.62044813913
1.50648866452
1.86175493671
0.864239007656
0.496275118819
0.763060722442
0.727205871687
1.15563538359
1.48045999396
1.63401468169
1.9539107706
1.77162459183
1.1560156519
1.34964716316
1.71038537761
1.66657095143
1.54695357361
1.89899003543
1.84416355148
1.8696815144
0.92719228454
1.88979643118
1.83261949169
0.407319601869
1.76894842175
1.14920888653
2.01210284394
0.374853986995
1.6264497989
1.1529804943
1.64781030283
1.16792937704
1.85487411065
1.63325502819
0.199100683793
1.69470890768
1.38312266366
1.06265322629
1.88675164638
1.195756149
1.06297475526
1.86570980646
1.07369546642
1.78512782804
1.28591931396
0.496064892138
1.36644557204
1.03297017528
1.39853963603
1.91451311474
1.34191427262
1.71707310147
0.89849912177
1.63401468169
1.06652445845
0.746680460387
0.646271443363
1.76983957964
1.87567088391
1.10614973744
1.20560451811
1.4137350365
1.88675164638
1.74608924731
1.23745388015
1.97256123837
0.647581855506
0.419328188842
0.508045056561
1.18807290016
1.58678029162
1.95935948998
1.83166400708
1.32221737513
1.11634304611
1.4785907263
1.8736701683
1.6219443978
1.39687139789
0.442906148023
0.767059293913
1.79699824326
1.0957989913
1.8071664432
1.92711550496
0.627456968409
0.127815308366
0.0888231079218
1.79607953251
1.95608661778
0.407792404657
0.520232721179
1.76628032458
1.28122960093
1.68495518735
0.805579354763
1.29827478408
1.74869664788
1.88270716268
1.72550666287
1.8696815144
1.86076883769
1.40244773082
1.87867998158
1.65791956849
1.88675164638
1.80902758269
1.25424190137
0.617530596963
0.886259224551
0.786815580318
1.34602741982
0.821016958664
1.66736192009
1.94202961058
1.86373027351
1.28544879829
1.456522208
1.50584293428
1.65557566712
1.26371639055
1.52149483138
1.79791789436
0.803920266847
1.8736701683
1.6167195424
1.46931474934
1.88878041159
1.43334621203
1.92923205137
0.666249111724
1.90620269428
0.703470477798
1.67371680115
0.772286561029
0.992129784276
1.01068226873
1.91138822935
0.713760984584
1.51493383599
1.97477884515
1.49622298368
1.79241406407
1.56976388099
1.42174486673
1.91347035161
0.873478758359
0.581067080073
1.22793833127
1.10198606215
1.71959450103
1.33782618649
1.62569716133
1.79424492624
1.10964357742
0.935836858317
1.39520713491
1.18968220988
0.654824150256
1.06265322629
0.626003486479
1.76716879557
1.14695774278
1.61970104455
0.116661073435
1.40694095543
1.36062415403
0.556051213378
0.921597997409
1.85389528526
1.82216367509
1.36220688861
1.22665208301
1.66420254174
1.5428772796
1.28450879917
1.76894842175
1.67212354385
1.95608661778
0.850225451627
1.86670115067
1.93454381362
1.24270660267
1.68576370711
0.218927622949
0.527418040252
1.70623194056
1.58249169624
1.90001707169
1.79058693455
1.63173783819
1.53211145472
1.80995959072
1.4898776784
0.52302092692
1.72043661391
1.85879977014
1.65090769061
1.72975458671
1.82595195716
1.20726170645
1.24051255853
0.94135358149
0.412000887313
1.84610171601
1.86670115067
1.7815068791
1.86570980646
1.80623730878
1.2728737557
1.72465958056
1.29540249474
1.2089234569
1.71791274602
1.77162459183
1.47921329081
1.00174837928
1.90931063345
1.95065606082
1.90001707169
1.82500341069
1.40919838175
1.19616328422
0.555787306774
1.93135325208
1.90931063345
1.98146168388
1.83070951828
1.95282466122
1.79791789436
1.87466999229
1.71121849275
1.40919838175
1.88979643118
0.947702068012
1.82595195716
1.89183175313
0.311006689635
1.629467331
0.978043309054
1.02693117981
1.52744850681
1.57257455938
1.23527832832
1.65401674464
1.22451431361
1.95173975863
1.71372271493
1.68900556039
0.964086598826
1.74608924731
1.03846632164
1.44931170202
1.04838303973
1.94633327731
1.89489296955
1.53211145472
0.809477319383
1.18646793846
1.45290800897
1.456522208
1.80809653401
0.785232804229
1.7609682033
1.19453640454
1.90516896179
0.419829298055
1.03024386103
1.71288716022
1.47177694415
1.68172884903
1.61300806503
1.74089770347
1.31528699578
1.84029940575
1.45773094012
1.71455908522
1.88270716268
1.67851484263
0.859166438279
1.34912886548
1.90931063345
1.35120444835
1.15639617055
1.76805816084
1.76450606007
1.95717635963
1.4589416801
1.46808673869
0.955694114832
1.08765683162
0.844908986561
1.88371665713
0.899880011814
1.94202961058
1.74956751275
1.39078842664
1.6881939287
1.89591557774
1.40976387067
1.6071050163
0.410556452743
1.6234434222
1.24402675841
1.42462756111
1.53010956693
1.38913861831
1.42174486673
1.91660205431
1.46563686512
1.21477578346
1.73060668256
1.71539627227
1.42926426594
1.76273535654
1.77700129772
1.69798529029
1.38475820485
1.39798311409
1.76894842175
1.22238398252
0.614291233803
1.17104385537
1.40356834427
1.83261949169
1.58106731127
1.82500341069
1.48798456827
1.53545960038
1.56766245678
1.9626433327
1.22195880548
1.72550666287
1.30648254583
1.39965401024
1.40581495226
1.87067708496
1.85096499766
1.63022346433
1.91451311474
0.896207032174
1.88675164638
1.70623194056
1.30648254583
1.82785201122
1.7815068791
1.62419397394
0.733277304555
1.71288716022
0.253089227387
1.80530912928
1.63098029974
1.74782664955
1.67851484263
1.21267917354
0.759267682326
1.61597588116
1.81839107949
1.77251844883
1.77251844883
1.69144514473
1.31973387142
1.47548574787
1.50198014779
1.68414744277
1.44395049967
1.26054236302
1.49431372423
1.82785201122
1.71455908522
1.76805816084
1.42984597708
1.26009023162
1.15335901711
1.91242872376
1.88472723474
1.56208606743
1.65870234449
1.46624856665
1.86076883769
1.58249169624
1.11315955834
0.919427261482
1.64395487395
1.25603559733
1.0920520877
1.93881432977
1.56556665136
1.86373027351
1.64549487851
1.81839107949
1.78603536634
1.92289631393
1.56069816333
1.94741217602
1.58965229215
1.67931719198
0.989614525668
1.88472723474
1.01301371572
1.72127955199
1.70623194056
1.79976002335
1.3297242868
1.91242872376
1.48484005312
1.94417906228
1.39687139789
0.548841050792
1.4779686856
1.73573693953
1.943103742
1.59397983922
0.364206050811
1.61970104455
1.9207936389
1.35068495414
1.69798529029
1.16098201128
1.8736701683
1.52811290372
1.45833605881
1.96703895047
1.89796410889
1.60784053347
1.65713753095
1.51886362545
1.29588032672
1.64858355966
1.07009794886
0.693746359819
1.73487978548
1.8288035219
0.989057310282
1.07468080946
1.8736701683
1.12312390221
0.481184983717
1.59037191745
1.57893553512
1.7521853195
1.30842888854
1.35120444835
1.64011744427
1.88675164638
0.796447872619
1.54491273776
1.64626596327
1.0054755484
1.83357597368
1.52347422622
1.35537483245
1.04994966112
1.57610209316
1.81276138575
1.91242872376
1.67451456893
0.701503906973
1.46563686512
1.78603536634
1.71875321214
1.83166400708
1.03479574849
1.14695774278
1.78422121157
1.8212190594
1.48233399396
1.95608661778
1.29827478408
1.29779518498
1.53077628133
1.22665208301
0.786463301124
1.51362842123
1.86769354894
1.69962823687
1.86868700296
1.93029206898
1.79241406407
0.889850953931
1.49749853609
0.986280619349
1.6938917867
1.32072615253
1.93135325208
1.33884587108
1.30357386484
1.69063116728
1.86175493671
1.64781030283
1.85683486552
1.85879977014
1.41830099544
0.944390205947
0.98269414437
1.95717635963
1.83837339904
1.10095003639
1.69552681738
1.70374954685
1.68334047226
1.26280789567
1.83453345461
1.33629956855
1.4886150702
1.65870234449
1.97034860658
1.94095666604
1.88573889724
1.44158045371
1.9626433327
0.634253758101
1.63858748397
1.54491273776
1.92184440128
1.77162459183
1.8736701683
1.65635623085
1.72043661391
0.787521086331
1.67611238818
1.50519775736
1.95717635963
1.71539627227
1.68981797288
1.8071664432
1.36538343013
1.06620077879
0.217195150879
1.82690149016
0.740698200742
1.06008798012
1.64703777104
1.82216367509
1.92817319733
1.79150003344
1.78060393593
1.81369724604
1.53277991521
1.6626273382
1.36062415403
0.712747325243
0.975328030572
1.84416355148
1.83453345461
1.82405584921
1.18486730717
1.38257834148
1.88371665713
0.153956420775
1.84222945232
1.75131184726
1.35589794123
1.52877787888
1.82405584921
1.89591557774
1.35172434233
1.59978668745
1.7583241069
1.87167371633
1.97811462023
1.4873546002
0.578674282016
1.65090769061
1.07107669699
0.899189036632
1.65635623085
1.74435529573
0.834076820067
1.15033777542
1.59470338885
1.82405584921
1.52281385594
0.355256503804
1.61152824112
0.839658596109
1.92817319733
0.32659027295
1.67531309758
1.00605142214
1.8212190594
1.39576144843
1.9859420947
0.85832679358
1.68495518735
1.55792974087
1.29016950633
1.96045288255
1.3352837574
1.43803993684
0.981321666514
1.47548574787
1.78785321404
1.93454381362
1.53277991521
0.555435820731
1.63401468169
1.99044281333
1.52479668649
1.72296790858
1.78785321404
1.93881432977
0.360617077204
1.88472723474
1.34705964943
1.79607953251
1.84610171601
1.94633327731
1.75305966347
1.68900556039
1.66027011608
1.4177286383
1.4613692037
1.91034886653
0.919667949246
1.19984001563
1.82500341069
1.85978378272
1.56347644221
1.61374899662
1.64472451574
1.64935754255
1.96814093307
1.52545877797
1.73573693953
1.85096499766
1.24446743385
1.84222945232
1.93241560261
1.77430887151
1.88472723474
1.90207448054
1.57046560825
0.731140804604
1.36857482108
1.61523290374
1.45290800897
1.58534817944
1.78603536634
1.33123590971
2.01904112961
1.89796410889
1.86274208142
1.09069592242
1.83549193603
1.77970190759
1.26553730754
0.842275609236
0.824485230256
1.32022982553
1.70292368668
1.7331680146
1.62494522
1.23919984683
1.80345562915
1.34757635816
1.69962823687
1.81933276312
1.47116062214
1.99950572881
1.83261949169
0.576395663022
0.484035762761
1.80995959072
1.48358596523
1.62419397394
1.92184440128
1.72975458671
0.439361126328
1.38530424515
1.71121849275
1.25424190137
1.76450606007
1.00981074048
1.1343660207
1.76450606007
0.525288810724
1.72890332953
1.40244773082
1.91764823447
1.52479668649
1.97366941884
1.31184897899
1.87267141021
1.91764823447
1.87466999229
1.93454381362
1.90931063345
1.89285105903
1.53680295961
1.65013225253
1.78785321404
1.83549193603
1.19657069679
1.98706536512
0.784706626339
1.66341456706
1.60197517813
1.93454381362
1.97034860658
1.4785907263
1.31775377559
0.932112381566
1.58534817944
1.59253470791
1.55862092531
1.42174486673
1.76185133681
0.330212573186
1.90001707169
1.39631620258
1.65635623085
1.5718709466
0.11654496966
1.76894842175
1.79424492624
1.41715674292
1.64318595212
1.74435529573
1.8519407304
1.97700144374
1.15071456473
0.75179361569
1.17221607133
0.726754564775
1.60563599892
0.930138090051
1.92711550496
1.75920458968
1.65870234449
1.88472723474
1.83261949169
1.81745037019
1.57257455938
1.86076883769
1.96045288255
1.94525557339
1.86175493671
1.21983734922
1.76983957964
1.90931063345
1.72296790858
1.07140334435
1.03846632164
1.49494960241
1.34912886548
1.16059846915
1.05689878644
1.96814093307
1.69225990637
1.94633327731
0.138285044901
1.68981797288
1.90207448054
1.21899082781
1.69225990637
1.84416355148
1.4595478046
1.80345562915
0.933598609121
1.39576144843
1.64318595212
1.72043661391
0.883806683301
1.80068250414
0.873913324906
1.37231701786
1.83261949169
1.88069141625
1.65479583873
1.90207448054
1.61523290374
1.70789089237
1.26190070609
1.20312724855
1.12853567816
1.23745388015
1.80902758269
1.72975458671
1.86570980646
1.90310485674
0.302074941197
1.85389528526
1.90001707169
0.647462507579
1.38530424515
1.3918904777
1.95608661778
1.32922117507
1.74435529573
1.79332902786
1.86076883769
1.88675164638
1.92289631393
1.96374039437
1.65090769061
1.76362026385
0.765721788605
1.4613692037
1.92184440128
1.36326409224
1.87466999229
1.7815068791
1.39244215842
1.47983637981
1.64472451574
1.60343750143
1.93454381362
1.80530912928
1.89796410889
1.65401674464
1.63553611063
1.93774493411
1.49813712822
1.64241774924
1.22579608017
1.53144357701
1.70955307329
1.78876352627
1.69307545331
0.707294456638
1.95173975863
1.91242872376
1.19494270944
1.65635623085
1.09341162967
1.34088991058
1.58534817944
1.79607953251
1.97145430164
1.35016585923
1.82500341069
0.907317036705
1.31184897899
1.92289631393
1.91974402489
1.49941594779
1.23876289342
0.994657861303
1.88776548391
1.73917404238
1.68172884903
1.77790058987
1.8212190594
0.930877468501
1.76185133681
2.00980066677
1.96374039437
1.77610291486
1.943103742
1.88270716268
0.716526935778
0.665996505426
1.61895463854
1.25828494475
1.24623326206
1.90207448054
1.13546592312
1.60857672419
1.01418347752
1.69225990637
1.61374899662
1.58749731841
2.00292563599
1.82500341069
1.89387146391
1.33782618649
1.95173975863
1.16599122672
1.56766245678
1.61152824112
1.71539627227
0.190145679019
1.76628032458
1.21477578346
1.65323838382
1.74348961072
1.38312266366
1.52017808986
1.14733232075
1.65635623085
1.88979643118
1.72212331647
0.540481779403
1.67851484263
1.95499808878
1.88371665713
1.43159395505
1.29971571059
1.51952057338
1.70706101342
1.9539107706
1.1030240396
1.35485212716
1.44931170202
1.54763505095
1.91138822935
1.20643254319
1.96483868318
1.78785321404
1.96924415108
1.08429986609
1.29206751222
1.72212331647
1.69552681738
0.810037252968
1.84222945232
1.64626596327
0.647343203634
1.76716879557
1.83357597368
1.47239378277
0.915832003681
1.75393488048
1.85487411065
1.82405584921
0.959872012601
1.48358596523
1.76273535654
1.91974402489
1.70955307329
1.12097369691
1.86670115067
1.96814093307
1.18566708261
0.286950221851
1.08029875957
1.60490249687
1.58821499351
1.89796410889
1.18009122129
1.30067810653
0.912501705486
1.61449060921
1.94957356578
1.86175493671
0.243696695712
1.67611238818
1.28874965728
0.986834709585
1.95065606082
1.80902758269
1.64935754255
1.75920458968
1.96593820119
1.6071050163
1.81463407313
1.81369724604
1.93029206898
1.2863901742
1.4137350365
1.8470723268
1.55173655727
1.92500359756
1.58678029162
1.81745037019
1.10441105505
1.8071664432
1.20395187312
1.78876352627
1.82310927119
1.83166400708
1.5455924178
1.59397983922
1.77790058987
1.93347912248
1.82975602374
1.0028922541
1.35276533143
1.14396990105
1.53277991521
1.67053331699
1.94957356578
1.51428084727
1.85487411065
1.20975604881
0.71828492458
0.708864319234
1.90827352827
1.74176081586
1.84029940575
1.82785201122
1.8393358982
1.88979643118
1.51886362545
1.48295971536
1.79516176065
1.81369724604
1.43159395505
0.922566062532
1.78422121157
1.74782664955
1.81463407313
1.2143558817
1.8393358982
1.93241560261
1.94095666604
1.12456196099
1.66973933727
1.77341320827
1.27936327958
1.85389528526
1.44871404771
1.7815068791
1.72043661391
1.91555701502
1.82975602374
1.2449084216
1.85389528526
1.51362842123
1.47301113865
1.66736192009
1.8393358982
1.74435529573
1.97256123837
1.67451456893
1.81933276312
1.38040533034
1.7087215786
0.942616465286
1.99836835354
1.88675164638
1.84901661346
1.35485212716
1.39742703489
1.80530912928
1.69716500754
1.07271192859
1.7583241069
0.917266727447
1.40750463369
1.33833583456
0.946680562145
1.75393488048
1.40525262628
1.89591557774
1.36326409224
1.02334155727
1.04216302762
1.86175493671
1.66736192009
1.92923205137
0.553597788547
1.12600370709
1.85389528526
1.25066983473
1.29349468547
1.98257989025
1.54219998492
0.801170254532
1.83453345461
1.87968516081
1.37017611767
1.39909660124
1.00432577648
1.30891638067
0.425061290517
0.895065367165
1.51624150439
0.984622075707
1.90827352827
1.89183175313
1.84804395874
1.54831712898
1.98146168388
1.12853567816
1.51886362545
1.42694214691
1.20189242756
0.278333985524
1.82310927119
1.91555701502
1.50519775736
1.75744450505
1.98146168388
1.62720313369
1.90931063345
1.90723754916
1.42694214691
1.86274208142
1.91347035161
1.7788007927
1.40919838175
1.94525557339
1.90723754916
1.23441024798
1.85781679829
1.63173783819
1.7521853195
1.94741217602
1.41203037207
1.75744450505
1.90931063345
1.16021518036
1.63022346433
1.7583241069
0.948725780751
1.78060393593
1.4137350365
1.88573889724
1.9539107706
1.77251844883
0.863389423967
1.44454422931
0.773136348178
1.18887701041
1.69144514473
1.83741190668
1.18927947385
0.902654564779
1.74782664955
1.28780482615
1.74956751275
1.73402347759
1.31676595417
1.88776548391
1.95065606082
1.80438190323
1.86471951463
1.89796410889
0.390434715061
1.74522184083
1.87167371633
1.01859424938
1.75568793883
1.17771758826
1.56139180696
1.56696323178
1.76983957964
0.81910272001
1.10964357742
1.54152328462
1.47672617305
1.9207936389
1.61078934692
1.86670115067
1.73487978548
1.47239378277
1.96483868318
2.00406820623
1.51952057338
1.67771325961
1.84126392325
1.71121849275
1.06458532307
1.84513212477
1.92605897234
1.36220688861
1.30745499283
1.25603559733
1.95173975863
0.651182866751
1.74695751646
1.54763505095
1.79332902786
1.70127436591
1.78331551553
1.65168385784
1.50907713302
1.134732418
1.89081354443
1.35224463653
1.43451676835
0.896435714754
0.574416541223
1.62871189876
1.67451456893
1.09819680091
1.53411858762
1.91347035161
1.4873546002
1.84901661346
1.57964548815
0.447247812364
1.57610209316
1.99157118227
1.78331551553
1.90413634989
1.68414744277
1.87968516081
1.69798529029
1.88069141625
1.83549193603
1.77251844883
1.88069141625
1.76894842175
0.955954167652
1.42059505285
0.935338542631
1.4154438218
0.662729969085
1.69798529029
1.77700129772
1.97145430164
1.28122960093
1.943103742
1.68900556039
1.01918525272
1.98818990692
1.71455908522
1.59905851873
1.91555701502
1.47610569986
1.91555701502
1.87466999229
1.08496960041
1.84999029256
1.37231701786
1.91974402489
1.84901661346
1.76185133681
1.30696858844
1.42232047194
1.93347912248
1.78785321404
1.7521853195
1.79332902786
1.56069816333
1.89796410889
1.76450606007
1.41430417299
1.9207936389
1.17026367959
1.74003544606
0.917506285224
1.48421274427
0.30591532272
1.52744850681
1.55585986079
1.87267141021
1.91347035161
1.43217756449
1.35276533143
1.81839107949
0.959609824125
1.72127955199
1.86769354894
1.85389528526
1.82595195716
1.58606391226
1.26371639055
1.90001707169
1.91138822935
1.87667284485
1.8519407304
1.57822621997
0.871312392391
1.50713494881
1.86769354894
1.36115132341
1.86175493671
1.69552681738
0.915354759281
1.62119592323
1.89183175313
1.59978668745
1.76185133681
0.438921984773
1.93347912248
1.59037191745
1.15411680884
1.5097256406
1.95282466122
1.64011744427
1.33833583456
1.48672516533
0.623337751264
1.51952057338
1.00576340284
1.28450879917
1.22110933811
1.53747552108
1.54763505095
0.953618774734
0.416494554371
1.98706536512
1.52215405791
1.56069816333
1.54219998492
1.70374954685
1.14285346979
1.96374039437
0.786463301124
1.7521853195
1.86471951463
0.729622339797
1.79791789436
1.96154749611
1.39023805528
1.25379427757
1.79976002335
1.8165106337
2.14739093244
